Epoch:1,loss:70.03831632435322
Epoch:2,loss:17.413291353732347
